,city,country,date,lat,lng,temp,humidity,cloudiness,wind
0,Ulladulla,AU,1541282400,-35.36,150.48,69.8,56,12,10.0
1,Puerto Escondido,MX,1541281200,15.86,-97.07,87.8,66,75,210.0
2,Kapaa,US,1541282160,22.08,-159.32,84.02,60,40,60.0
3,Punta Arenas,CL,1541282400,-53.16,-70.91,55.4,58,0,40.0
4,Rikitea,PF,1541284983,-23.12,-134.97,75.26,95,44,62.5001
5,Koplik,AL,1541282400,42.21,19.44,60.8,82,0,30.0
6,Longyearbyen,NO,1541281800,78.22,15.63,26.6,68,0,130.0
7,Hay River,CA,1541282400,60.82,-115.79,19.4,79,40,260.0
8,Ushuaia,AR,1541282400,-54.81,-68.31,53.6,50,75,360.0
9,Atar,MR,1541285072,20.52,-13.05,58.56,67,24,51.0001
10,Gobabis,NA,1541282400,-22.45,18.97,82.4,30,68,160.0
11,Castro,CL,1541284673,-42.48,-73.76,52.13,98,92,316.5
12,Chokurdakh,RU,1541285240,70.62,147.9,-12.5,60,44,209.0
13,Atuona,PF,1541285138,-9.8,-139.03,80.39,100,0,99.5001
14,Tsybuliv,UA,1541285364,49.08,29.85,42.14,89,44,174.5
15,Albany,US,1541282040,42.65,-73.75,44.06,62,20,280.0
16,Sao Jose da Coroa Grande,BR,1541285364,-8.9,-35.15,77.19,84,76,97.5001
17,Esperance,TT,1541282400,10.24,-61.45,82.4,74,20,90.0
18,Iqaluit,CA,1541282400,63.75,-68.52,15.8,78,90,350.0
19,Vardo,US,1541284500,39.62,-77.74,53.6,62,1,290.0
20,Airai,TL,1541285253,-8.93,125.41,79.58,66,0,134.5
21,Khatanga,RU,1541284653,71.98,102.47,4.83,85,76,222.5
22,Bambous Virieux,MU,1541282400,-20.34,57.76,71.6,83,20,340.0
23,Takoradi,GH,1541284808,4.89,-1.75,79.35,100,88,219.5
24,Kristiansund,NO,1541283600,63.12,7.73,50.0,66,88,140.0
25,Fortuna,ES,1541284200,38.18,-1.13,51.8,81,0,290.0
26,Fare,PF,1541284921,-16.7,-151.02,78.54,100,24,308.5
27,Cape Town,ZA,1541282400,-33.93,18.42,60.8,93,75,330.0
28,Tuktoyaktuk,CA,1541282400,69.44,-133.03,1.4,84,75,150.0
29,Qaanaaq,GL,1541285245,77.48,-69.36,2.85,100,20,85.5001
30,Jamestown,AU,1541284530,-33.21,138.6,77.51,50,68,303.5
31,East London,ZA,1541285268,-33.02,27.91,71.43,89,68,48.0001
32,Bredasdorp,ZA,1541282400,-34.53,20.04,62.6,55,100,20.0
33,Bingol,TR,1541285365,38.88,40.49,34.35,91,32,12.0001
34,Dunedin,NZ,1541284849,-45.87,170.5,47.81,71,76,260.5
35,Agua Dulce,MX,1541281260,18.14,-94.15,82.4,100,75,20.0
36,Yellowknife,CA,1541282400,62.45,-114.38,14.0,92,90,300.0
37,Busselton,AU,1541285092,-33.64,115.35,62.34,100,0,243.0
38,Linxia,CN,1541285366,35.6,103.21,23.69,87,88,357.0
39,Hermanus,ZA,1541285238,-34.42,19.24,59.64,67,88,291.0
40,Guerrero Negro,MX,1541285366,27.97,-114.04,76.74,51,0,305.0
41,Lorengau,PG,1541285116,-2.02,147.27,83.81,100,68,100.5
42,Saint-Leu,RE,1541282400,-21.15,55.28,71.6,68,0,10.0
43,Avera,US,1541284500,33.19,-82.53,66.02,70,1,66.5001
44,Pacifica,US,1541284500,37.61,-122.49,87.8,18,1,310.0
45,New Norfolk,AU,1541282400,-42.78,147.06,55.4,58,75,330.0
46,Dingle,PH,1541285367,11.0,122.67,81.15,82,36,44.5001
47,Knysna,ZA,1541282400,-34.04,23.05,69.8,37,8,260.0
48,Bluff,AU,1541284778,-23.58,149.07,84.44,46,0,356.5
49,Lamu,ID,1541285368,0.57,122.3,77.19,95,80,296.5
50,Mar del Plata,AR,1541285236,-46.43,-67.52,60.09,50,0,339.5
51,Yerbogachen,RU,1541285064,61.28,108.01,21.3,80,76,221.0
52,Egvekinot,RU,1541285368,66.32,-179.17,26.84,90,68,38.5001
53,Hithadhoo,MV,1541284760,-0.6,73.08,81.96,100,64,318.0
54,Avarua,CK,1541282400,-21.21,-159.78,77.0,65,40,200.0
55,Palmas de Monte Alto,BR,1541285368,-14.26,-43.16,74.81,82,64,57.5001
56,Barrow,AR,1541285091,-38.31,-60.23,59.06,63,0,168.5
57,Portland,US,1541282160,45.52,-122.67,60.08,61,90,220.0
58,Isangel,VU,1541285369,-19.55,169.27,75.66,100,76,92.5001
59,Tasiilaq,GL,1541281800,65.61,-37.64,19.4,52,56,190.0
60,Havre-Saint-Pierre,CA,1541283360,50.23,-63.6,35.6,100,90,60.0
61,Trairi,BR,1541285263,-3.28,-39.27,81.15,98,20,95.5001
62,Saint-Paul,FR,1541284200,45.22,1.9,37.4,100,0,92.5001
63,Bethel,US,1541281980,60.79,-161.76,28.04,77,1,30.0
64,Georgetown,GY,1541282400,6.8,-58.16,80.6,88,40,20.0
65,Gazanjyk,TM,1541285369,39.24,55.52,21.89,84,0,64.5001
66,Tual,ID,1541285370,-5.67,132.75,78.86,100,92,356.0
67,Mahebourg,MU,1541282400,-20.41,57.7,71.6,83,20,340.0
68,Zhigansk,RU,1541285247,66.77,123.37,4.16,80,80,168.5
69,Waipawa,NZ,1541285370,-39.94,176.59,59.06,58,0,269.5
70,Huanren,CN,1541285370,41.26,125.37,35.93,90,64,145.5
71,Taltal,CL,1541285370,-25.41,-70.49,60.41,83,0,198.5
72,Upernavik,GL,1541284888,72.79,-56.15,19.5,100,8,111.5
73,Tomatlan,MX,1541285370,19.93,-105.25,77.19,75,92,194.5
74,Faanui,PF,1541284683,-16.48,-151.75,82.01,100,8,2.00012
75,Coquimbo,CL,1541282400,-29.95,-71.34,60.8,77,20,300.0
76,Katsuura,JP,1541282400,33.93,134.5,46.4,100,20,140.0
77,Puerto Ayora,EC,1541282400,-0.74,-90.35,82.4,58,75,50.0
78,Lebu,ET,1541285240,8.96,38.73,41.91,81,0,49.0001
79,Port Blair,IN,1541285096,11.67,92.75,83.67,100,0,45.5001
80,Huittinen,FI,1541283600,61.18,22.7,35.6,100,90,230.0
81,Salinopolis,BR,1541285371,-0.61,-47.36,82.41,94,20,54.0001
82,Provideniya,RU,1541284842,64.42,-173.23,35.39,100,44,73.0001
83,Kavaratti,IN,1541285018,10.57,72.64,81.87,100,56,81.5001
84,Bandarbeyla,SO,1541285028,9.49,50.81,79.13,100,92,36.0001
85,Mataura,NZ,1541285231,-46.19,168.86,48.57,87,92,266.5
86,Hovd,NO,1541283600,63.83,10.7,44.6,81,75,130.0
87,Bhimunipatnam,IN,1541285372,17.88,83.43,71.48,98,0,336.0
88,Zonguldak,TR,1541285372,41.25,31.83,48.66,95,0,155.5
89,Vaini,IN,1541285237,15.34,74.49,71.34,95,56,65.0001
90,Norman Wells,CA,1541282400,65.28,-126.83,8.6,84,20,100.0
91,Cidreira,BR,1541284701,-30.17,-50.22,65.22,97,100,133.0
92,Hobart,AU,1541282400,-42.88,147.33,55.4,58,75,330.0
93,Ribeira Grande,PT,1541285234,38.52,-28.7,68.01,99,64,319.0
94,Kompaniyivka,UA,1541285373,48.25,32.21,35.07,81,20,37.5001
95,Villa Maria,CO,1541282400,4.5,-74.09,82.4,93,40,121.5
96,Dikson,RU,1541285141,73.51,80.55,23.78,97,36,320.5
97,Zyryanka,RU,1541285373,65.73,150.89,1.41,70,92,331.5
98,Namibe,AO,1541285374,-15.19,12.15,70.44,100,20,192.0
99,Hilo,US,1541282160,19.71,-155.08,80.96,64,1,100.0
100,Guarapari,BR,1541282400,-20.67,-40.5,78.8,83,0,30.0
101,Montlucon,FR,1541285374,46.33,2.6,35.88,85,36,145.5
102,Nouadhibou,MR,1541282400,20.93,-17.03,66.2,88,36,350.0
103,Lakatoro,VU,1541285374,-16.11,167.42,81.33,75,20,98.5001
104,Rawlins,US,1541283300,41.79,-107.24,39.02,72,90,240.0
105,Zaprudnya,RU,1541284200,56.56,37.43,46.4,100,90,240.0
106,Gambo,NG,1541285375,11.96,9.63,67.2,54,0,12.0001
107,Port Hardy,CA,1541282400,50.7,-127.42,50.0,93,90,120.0
108,Sitka,US,1541285121,37.17,-99.65,57.75,49,68,338.5
109,Libreville,GA,1541284200,0.39,9.45,80.6,88,40,200.0
110,Pineville,US,1541283300,31.32,-92.43,73.94,44,20,170.0
111,Ancud,CL,1541285250,-41.87,-73.83,53.43,97,92,333.5
112,Meulaboh,ID,1541285376,4.14,96.13,76.65,100,64,48.5001
113,Mareeba,AU,1541282400,-16.99,145.42,82.4,69,40,170.0
114,Khorol,UA,1541285376,49.78,33.27,39.98,92,24,193.0
115,Show Low,US,1541284500,34.25,-110.03,59.0,30,1,340.0
116,Pangnirtung,CA,1541284912,66.15,-65.72,13.29,100,76,47.5001
117,Bilma,NE,1541285022,18.69,12.92,59.78,27,0,81.5001
118,Butaritari,KI,1541284985,3.07,172.79,84.39,100,0,76.5001
119,Souillac,FR,1541284200,45.6,-0.6,44.6,93,32,106.5
120,Lukovetskiy,RU,1541284200,64.29,41.92,42.8,100,90,270.0
121,Xingyi,CN,1541285135,24.19,102.82,47.31,93,0,205.0
122,Port Alfred,ZA,1541284978,-33.59,26.89,71.66,68,8,57.0001
123,Santa Fe,AR,1541285361,-31.62,-60.7,72.87,53,0,116.5
124,Beidao,CN,1541285377,34.57,105.89,33.68,82,92,342.5
125,Mahenge,TZ,1541285378,-8.68,36.72,80.34,47,8,77.0001
126,Kaitangata,NZ,1541285132,-46.28,169.85,47.36,92,76,267.0
127,Warren,US,1541283300,42.48,-83.03,46.94,44,40,240.0
128,Taoudenni,ML,1541285378,22.68,-3.98,60.59,35,0,49.0001
129,Flin Flon,CA,1541282400,54.77,-101.88,28.4,74,90,180.0
130,Marsabit,KE,1541285378,2.34,37.99,71.39,83,0,152.0
131,Snasa,NO,1541285379,64.25,12.38,32.37,100,88,107.5
132,Lompoc,US,1541282280,34.64,-120.46,91.4,48,1,270.0
133,Yulara,AU,1541282400,-25.24,130.99,78.8,29,8,70.0
134,Skibbereen,IE,1541284200,51.55,-9.27,48.2,93,75,220.0
135,Necochea,AR,1541285246,-38.55,-58.74,58.47,79,0,126.0
136,Santa Isabel,CO,1541282400,4.71,-75.1,77.0,78,75,80.0
137,Whitehorse,CA,1541282400,60.72,-135.06,14.0,85,90,360.0
138,Qaqortoq,GL,1541281800,60.72,-46.03,23.0,41,0,210.0
139,Saint George,GR,1541281800,39.45,22.34,57.2,82,40,220.0
140,Puerto Baquerizo Moreno,EC,1541282400,-0.9,-89.6,75.2,69,20,200.0
141,Lata,IN,1541284528,30.78,78.62,38.85,100,32,55.5001
142,Pilar,AR,1541282400,-34.46,-58.91,73.4,60,0,50.0
143,Sobolevo,RU,1541285381,54.43,31.9,48.53,99,68,322.5
144,Reyes,BO,1541282400,-14.3,-67.34,91.4,55,0,340.0
145,Kokopo,PG,1541285382,-4.34,152.27,83.18,100,56,134.5
146,Sioux Lookout,CA,1541282400,50.1,-91.92,30.2,74,90,330.0
147,Touros,BR,1541285382,-5.2,-35.46,79.44,86,100,122.5
148,Mount Gambier,AU,1541284919,-37.83,140.78,60.18,78,92,292.0
149,Mtimbira,TZ,1541285382,-8.78,36.35,78.14,45,44,62.5001
150,Vestmannaeyjar,IS,1541285136,63.44,-20.27,36.78,98,0,23.5001
151,Port Elizabeth,US,1541282160,39.31,-74.98,55.94,54,1,280.0
152,San Juan,PH,1541282400,14.6,121.03,80.6,94,40,65.5001
153,Lac du Bonnet,CA,1541285383,50.25,-96.06,29.67,98,12,297.0
154,Batemans Bay,AU,1541285383,-35.71,150.18,69.72,68,8,24.5001
155,Cabo San Lucas,MX,1541281500,22.89,-109.91,80.6,54,5,260.0
156,Nikolskoye,RU,1541282400,59.7,30.79,44.6,87,40,270.0
157,Jacareacanga,BR,1541285384,-6.22,-57.76,78.99,87,48,346.0
158,Kahului,US,1541282160,20.89,-156.47,87.08,53,20,60.0
159,Bandar,ID,1541285384,-4.2,104.14,75.57,87,56,315.0
160,Jalu,LY,1541285384,29.03,21.55,55.73,75,0,63.0001
161,Kodiak,US,1541281980,39.95,-94.76,57.02,57,75,130.0
162,Faya,SA,1541282400,18.39,42.45,57.2,87,20,41.0001
163,Padang,ID,1541285260,-0.92,100.36,81.56,100,32,130.5
164,Zabol,IR,1541285385,31.03,61.49,50.46,86,0,347.5
165,Falmouth,GB,1541281800,50.16,-5.07,53.6,100,92,190.0
166,Praia da Vitoria,PT,1541282400,38.73,-27.07,66.2,82,20,291.0
167,Huarmey,PE,1541285385,-10.07,-78.15,67.43,63,12,188.0
168,Kropotkin,RU,1541285385,45.43,40.58,41.69,91,0,97.5001
169,Thompson,CA,1541283480,55.74,-97.86,21.2,92,90,170.0
170,Healdsburg,US,1541284500,38.61,-122.87,87.8,30,1,270.0
171,Nanortalik,GL,1541284224,60.14,-45.24,31.2,96,0,301.0
172,Lindon,US,1541284500,40.34,-111.72,51.98,43,1,320.0
173,Leningradskiy,RU,1541284677,69.38,178.42,28.77,97,76,127.5
174,Deputatskiy,RU,1541285386,69.3,139.9,-15.24,43,56,205.0
175,Namuac,PH,1541285386,18.61,121.17,78.9,98,48,111.0
176,Caravelas,BR,1541284737,-17.73,-39.27,77.96,100,8,40.5001
177,Tommot,RU,1541285243,58.97,126.27,5.96,54,0,249.0
178,Klyuchi,RU,1541285386,52.25,79.17,21.3,92,56,279.0
179,Chuy,UY,1541284805,-33.69,-53.46,57.66,95,20,92.0001
180,Clyde River,CA,1541283480,70.47,-68.59,8.6,84,90,290.0
181,Mwinilunga,ZM,1541285387,-11.73,24.43,65.31,92,80,329.5
182,Kavieng,PG,1541285387,-2.57,150.8,84.12,100,48,103.0
183,Saskylakh,RU,1541285262,71.97,114.09,-1.92,81,64,177.5
184,Riberalta,BO,1541282400,-11.0,-66.08,87.8,70,75,39.0001
185,Paamiut,GL,1541285249,61.99,-49.67,29.85,100,0,343.0
186,Ponta do Sol,BR,1541285232,-20.63,-46.0,65.85,93,68,224.0
187,Warwick,US,1541282160,41.7,-71.42,55.04,52,20,280.0
188,Bathsheba,BB,1541282400,13.22,-59.52,82.4,74,20,70.0
189,Komsomolskiy,RU,1541285388,67.55,63.78,19.68,93,56,145.0
190,Hirara,JP,1541283240,24.8,125.28,75.2,100,75,240.0
191,Cayenne,GF,1541282400,4.94,-52.33,82.4,78,0,70.0
192,Mulchen,CL,1541285388,-37.72,-72.23,52.44,70,76,341.0
193,Saint-Philippe,CA,1541283300,45.36,-73.48,39.2,86,90,260.0
194,Sawtell,AU,1541282400,-30.38,153.1,77.0,69,0,190.0
195,Fuxin,CN,1541285389,42.02,121.65,39.26,70,92,24.5001
196,Muros,ES,1541284200,42.77,-9.06,50.0,100,90,150.0
197,Rawson,AR,1541285389,-43.3,-65.11,68.78,33,0,302.0
198,Myitkyina,MM,1541285389,25.38,97.4,63.11,92,36,31.0001
199,Mount Isa,AU,1541282400,-20.73,139.49,87.8,22,0,80.0
200,Clacton-on-Sea,GB,1541283600,51.79,1.16,48.2,70,0,160.0
201,Saldanha,PT,1541285267,41.42,-6.55,35.79,84,0,230.5
202,Tiksi,RU,1541285305,71.64,128.87,-1.83,70,68,224.0
203,Saint-Augustin,FR,1541282400,44.83,-0.61,44.6,93,56,132.5
204,Ghanzi,BW,1541285254,-21.7,21.65,78.27,34,20,50.0001
205,Codrington,AU,1541284940,-28.95,153.24,84.93,62,0,281.0
206,Coihaique,CL,1541282400,-45.58,-72.07,50.0,87,90,20.0
207,Hofn,IS,1541284792,64.25,-15.21,38.31,100,92,12.0001
208,Punta Gorda,US,1541284500,26.93,-82.05,75.92,60,90,60.0
209,Aracaju,BR,1541282400,-10.92,-37.08,78.8,74,40,80.0
210,Severo-Kurilsk,RU,1541285241,50.68,156.12,43.94,93,68,222.5
211,Taos,US,1541283000,36.41,-105.57,46.94,45,40,30.0
212,Namatanai,PG,1541284852,-3.66,152.44,83.18,100,44,105.5
213,Coxim,BR,1541285391,-18.5,-54.75,71.93,96,68,55.5001
214,Quelimane,MZ,1541285391,-17.88,36.89,74.4,75,88,155.0
215,Monte Alegre,BR,1541285391,-2.0,-54.07,83.09,72,20,65.5001
216,Garmsar,IR,1541285391,35.22,52.34,36.24,58,12,49.5001
217,Mogadishu,SO,1541285243,2.04,45.34,80.84,99,0,175.0
218,Beringovskiy,RU,1541285392,63.05,179.32,32.01,100,88,317.0
219,Borogontsy,RU,1541285392,62.67,131.17,10.32,60,56,288.5
220,Bakchar,RU,1541285392,57.02,82.07,9.24,78,0,257.0
221,Erzin,TR,1541281800,36.95,36.2,69.8,42,75,40.0
222,Xining,CN,1541285392,36.62,101.77,20.94,87,68,126.5
223,Pimentel,BR,1541285392,-3.7,-45.5,77.82,88,36,40.5001
224,Surgut,RU,1541285155,61.25,73.4,21.53,96,68,224.5
225,Sitges,ES,1541284200,41.24,1.82,55.4,62,40,330.0
226,Carnarvon,ZA,1541285237,-30.97,22.13,69.9,39,56,5.00012
227,Hasaki,JP,1541282400,35.73,140.83,53.6,93,75,340.0
228,Rorvik,NO,1541285393,64.86,11.24,44.39,100,92,140.5
229,Senanga,ZM,1541285393,-16.1,23.3,68.01,81,80,116.0
230,Cabra,ES,1541284200,37.47,-4.43,50.0,93,0,170.0
231,Rome,IT,1541282100,41.89,12.48,66.2,63,0,60.0
232,General Roca,AR,1541282400,-39.03,-67.58,73.4,38,0,140.0
233,Azanka,RU,1541285394,58.04,64.79,31.29,97,36,214.5
234,Gorom-Gorom,BF,1541285030,14.45,-0.24,71.07,67,0,105.0
235,Klaksvik,FO,1541281800,62.23,-6.59,48.2,93,92,160.0
236,Varkaus,FI,1541283600,62.32,27.87,39.2,86,75,270.0
237,Graaff-Reinet,ZA,1541285394,-32.25,24.53,62.16,24,80,11.0001
238,La Paz,MX,1541281380,24.15,-110.32,86.0,19,5,360.0
239,Pacasmayo,PE,1541285395,-7.4,-79.57,64.5,93,0,170.0
240,Tautira,PF,1541282400,-17.73,-149.15,84.2,70,75,60.0
241,Loanda,BR,1541285395,-22.93,-53.14,75.89,87,80,214.0
242,Joao Neiva,BR,1541282400,-19.76,-40.39,78.8,83,0,30.0
243,San Quintin,PH,1541282400,17.54,120.52,75.2,100,20,140.0
244,Pyinmana,MM,1541285396,19.74,96.21,68.28,90,0,98.5001
245,Ilulissat,GL,1541281800,69.22,-51.1,15.8,78,80,110.0
246,Nuuk,GL,1541281800,64.17,-51.74,19.4,73,20,40.0
247,Bojnurd,IR,1541282400,37.47,57.33,32.0,63,0,310.0
248,Igarka,RU,1541285396,67.47,86.57,1.01,82,68,314.5
249,Lagoa,PT,1541282400,37.14,-8.45,59.0,87,0,350.0
250,Samarai,PG,1541284675,-10.62,150.67,79.26,100,76,96.5001
251,Torbay,CA,1541283300,47.66,-52.73,51.8,100,90,230.0
252,Tarakan,ID,1541285397,3.3,117.63,81.11,100,88,280.5
253,Benjamin Hill,MX,1541285397,30.17,-111.1,73.14,41,0,307.0
254,Comodoro Rivadavia,AR,1541282400,-45.87,-67.48,66.2,34,0,360.0
255,Victoria,BN,1541282400,5.28,115.24,78.8,94,75,208.0
256,Pacific Grove,US,1541284500,36.62,-121.92,84.2,20,1,330.0
257,Alofi,NU,1541282400,-19.06,-169.92,77.0,57,0,140.0
258,Fairview,US,1541283300,40.81,-74.0,55.94,46,1,300.0
259,Bubaque,GW,1541282400,11.28,-15.83,82.4,78,0,280.0
260,Southbridge,US,1541282160,42.08,-72.03,53.06,62,20,270.0
261,Jumla,NP,1541285399,29.28,82.18,27.96,100,92,145.0
262,Loreto,PY,1541285399,-23.27,-57.32,73.95,97,56,131.0
263,Pevek,RU,1541284746,69.7,170.27,12.12,100,80,158.5
264,Gornozavodsk,RU,1541285400,58.37,58.33,33.63,95,92,221.0
265,Luba,PH,1541285400,17.32,120.7,76.38,79,0,99.0001
266,Gordeyevka,RU,1541285400,52.96,31.97,48.89,95,92,237.0
267,Sao Joao da Barra,BR,1541282400,-21.64,-41.05,77.0,83,0,50.0
268,Stantsionno-Oyashinskiy,RU,1541285401,55.47,83.82,11.22,77,32,251.5
269,Novaya Zaimka,RU,1541285401,56.49,66.92,31.43,96,80,221.5
270,Auki,NG,1541285244,12.18,6.51,65.67,59,8,206.5
271,Taguatinga,BR,1541282400,-15.83,-48.06,68.0,88,75,290.0
272,Hobyo,SO,1541285401,5.35,48.53,75.39,92,0,76.0001
273,Naze,NG,1541284828,5.43,7.07,74.58,93,76,230.0
274,Aitape,PG,1541285401,-3.15,142.36,82.32,96,44,107.5
275,Cherskiy,RU,1541284735,68.75,161.3,-7.73,78,24,2.00012
276,Polunochnoye,RU,1541285402,60.87,60.43,31.47,95,92,185.5
277,Saint-Louis,CH,1541284200,47.59,7.56,48.2,87,75,310.0
278,Bukachacha,RU,1541285402,52.99,116.91,-1.25,64,0,175.5
279,Mecca,SA,1541284981,21.43,39.83,67.74,61,24,152.5
280,Altay,CN,1541285402,47.83,88.13,-1.74,67,48,298.5
281,San Cristobal,EC,1541282400,-0.39,-78.55,62.6,59,40,350.0
282,Dongsheng,CN,1541285212,29.72,112.52,53.97,82,0,357.0
283,Aasiaat,GL,1541285403,68.71,-52.87,24.23,100,44,358.5
284,Kiama,AU,1541282400,-34.67,150.86,69.8,56,48,10.0
285,Aksu,KZ,1541284200,52.04,76.93,30.2,92,90,260.0
286,Pathalgaon,IN,1541285403,22.56,83.46,67.11,87,20,25.0001
287,Carlsbad,CZ,1541284380,50.23,12.87,48.2,100,90,40.0
288,Griffith,AU,1541285404,-34.29,146.06,73.01,45,88,334.0
289,Pisco,PE,1541282400,-13.71,-76.2,71.6,30,40,220.0
290,Crossville,US,1541283300,35.95,-85.03,57.2,76,1,137.5
291,Los Llanos de Aridane,ES,1541284200,28.66,-17.92,71.6,64,44,30.0
292,Monforte de Lemos,ES,1541285404,42.52,-7.51,43.04,95,48,175.5
293,Khandyga,RU,1541285405,62.65,135.58,6.81,85,0,296.5
294,Suntar,RU,1541285405,62.16,117.65,11.36,63,64,188.5
295,Porbandar,IN,1541285405,21.64,69.61,75.44,83,0,353.0
296,Vila Velha,BR,1541282400,-3.71,-38.6,82.4,74,75,70.0
297,Zhigalovo,RU,1541285405,54.81,105.15,15.27,60,80,207.0
298,Maceio,BR,1541282400,-9.67,-35.74,77.0,78,20,80.0
299,Kruisfontein,ZA,1541285252,-34.0,24.73,65.09,70,0,68.5001
300,Formosa do Rio Preto,BR,1541285405,-11.04,-45.19,80.79,50,36,131.0
301,Koshki,RU,1541285406,54.2,50.47,35.07,71,88,231.5
302,Geraldton,CA,1541282640,49.72,-86.95,32.0,78,90,340.0
303,Kobyzhcha,UA,1541284200,50.83,31.5,41.0,100,36,210.0
304,Ola,RU,1541284200,59.58,151.3,21.2,92,90,320.0
305,Menongue,AO,1541285406,-14.66,17.68,73.5,51,80,12.0001
306,Arraial do Cabo,BR,1541285261,-22.97,-42.02,77.19,83,12,47.0001
307,Bozova,TR,1541281800,37.36,38.53,59.0,47,75,30.0
308,Elko,US,1541282160,40.83,-115.76,55.04,25,1,320.0
309,Manta,RO,1541285407,45.1,24.1,42.68,85,0,67.0001
310,Tura,IN,1541284752,25.52,90.21,65.94,98,88,63.0001
311,Alice Springs,AU,1541282400,-23.7,133.88,86.0,37,0,90.0
312,Coruripe,BR,1541285407,-10.12,-36.18,78.99,96,92,80.5001
313,Dolores,AR,1541285408,-36.31,-57.68,63.11,73,24,203.0
314,Longkou,CN,1541285408,37.64,120.47,54.11,100,36,158.5
315,Lakki Marwat,PK,1541285408,32.61,70.91,40.11,84,0,335.5
316,Catuday,PH,1541285408,16.29,119.81,81.24,99,0,117.0
317,Acajutla,SV,1541281800,13.59,-89.83,89.6,66,40,240.0
318,Iki-Burul,RU,1541284200,45.82,44.65,37.4,93,8,120.0
319,Roald,NO,1541283600,62.58,6.12,55.4,66,20,200.0
320,Jutai,BR,1541285409,-1.71,-47.89,77.55,89,44,22.5001
321,Labuhan,ID,1541285059,-2.54,115.51,78.54,87,8,99.0001
322,Anchorage,US,1541282160,61.22,-149.89,32.0,50,75,60.0
323,Huangzhai,CN,1541285409,23.86,112.01,64.23,93,36,52.0001
324,Milkovo,BG,1541284200,41.53,24.68,51.8,76,12,340.0
325,Santa Rosa,AR,1541285241,-36.62,-64.29,65.85,46,0,65.0001
326,Karratha,AU,1541285129,-20.74,116.85,87.68,25,0,219.5
327,Kalmar,SE,1541283600,56.66,16.36,30.2,100,0,221.5
328,Kushikino,JP,1541282400,31.72,130.27,51.8,87,40,10.0
329,Port Hedland,AU,1541282400,-20.31,118.58,75.2,78,0,270.0
330,Ilebo,CD,1541285412,-4.33,20.59,70.98,98,80,110.0
331,Vrhnika,SI,1541284200,45.96,14.3,64.4,100,75,70.0
332,Marystown,CA,1541285412,47.17,-55.16,56.09,89,92,203.0
333,Constitucion,MX,1541281380,23.99,-104.67,77.0,10,5,220.0
334,Hambantota,LK,1541285247,6.12,81.12,77.1,100,56,21.5001
335,Jingdezhen,CN,1541285413,29.29,117.2,59.1,92,76,72.5001
336,Trat,TH,1541285413,12.25,102.51,81.83,100,20,59.5001
337,Khuzhir,RU,1541285413,53.19,107.35,16.35,100,24,239.0
338,Rio Gallegos,AR,1541282400,-51.62,-69.22,64.4,31,0,360.0
339,Sambava,MG,1541284988,-14.27,50.17,74.4,100,76,164.0
340,Dawei,MM,1541285413,14.07,98.19,67.16,89,0,58.5001
341,Algiers,US,1541283300,29.94,-90.04,73.94,53,20,140.0
342,Poum,MK,1541285229,41.28,20.71,39.71,86,20,73.0001
343,Araouane,ML,1541285414,18.9,-3.53,65.76,32,0,32.0001
344,Mayo,CA,1541282400,63.59,-135.9,6.8,71,20,10.0
345,Srednekolymsk,RU,1541285414,67.46,153.71,-3.5,76,80,8.00012
346,Smithers,CA,1541282400,54.78,-127.17,41.0,100,90,140.0
347,Telenesti,MD,1541282400,47.5,28.37,50.0,81,0,110.0
348,Oriximina,BR,1541285414,-1.77,-55.87,79.58,87,44,228.0
349,Dicabisagan,PH,1541285415,17.08,122.42,77.24,100,92,46.0001
350,Hami,CN,1541285260,42.84,93.51,20.67,69,0,103.0
351,Sabang,PH,1541285415,13.72,123.58,80.16,97,88,62.5001
352,Skelleftea,SE,1541283600,64.75,20.95,32.0,100,12,180.0
353,Manyana,AU,1541282400,-35.26,150.51,69.8,56,12,10.0
354,Rocha,UY,1541285416,-34.48,-54.34,56.76,94,0,59.0001
355,Tuatapere,NZ,1541285416,-46.13,167.69,48.84,100,80,263.0
356,Grand Gaube,MU,1541282400,-20.01,57.66,71.6,83,20,340.0
357,Bonavista,CA,1541285035,48.65,-53.11,46.41,94,92,143.0
358,Shevchenkove,UA,1541284200,49.7,37.18,41.0,93,0,140.0
359,Staryy Nadym,RU,1541285417,65.61,72.68,-2.33,49,0,176.0
360,Rudnogorsk,RU,1541285417,57.27,103.75,27.11,75,80,242.5
361,Carballo,ES,1541284200,43.21,-8.69,53.6,93,40,160.0
362,San Marcos,GT,1541282400,14.97,-91.79,87.8,66,75,220.0
363,Awjilah,LY,1541285418,29.14,21.3,55.59,83,0,65.0001
364,Ahipara,NZ,1541284684,-35.17,173.16,64.46,75,0,249.0
365,Arman,RU,1541284200,59.7,150.17,21.2,92,90,320.0
366,Lar,IR,1541285418,27.66,54.32,43.94,55,8,13.0001
367,Letterkenny,IE,1541285236,54.95,-7.73,51.0,95,44,199.0
368,Yuanping,CN,1541285418,38.72,112.71,34.8,96,76,307.0
369,Arlit,NE,1541285249,18.74,7.39,65.22,29,0,280.5
370,Ambulu,ID,1541285419,-8.35,113.61,78.23,100,76,78.0001
371,Holme,GB,1541283600,53.7,-2.31,53.6,81,90,180.0
372,Man,CI,1541285419,7.41,-7.55,72.56,95,92,184.5
373,Kimbe,PG,1541285419,-5.56,150.15,84.03,98,12,129.0
374,Inirida,CO,1541285420,3.87,-67.92,76.79,85,24,323.5
375,Shimoda,JP,1541283480,34.7,138.93,53.6,81,75,310.0
376,Bichura,RU,1541285420,50.59,107.6,8.93,52,0,193.5
377,Ahero,KE,1541282400,-0.17,34.92,66.2,82,0,50.0
378,Kamphaeng Phet,TH,1541285420,16.47,99.53,66.44,87,0,325.5
379,Barra do Garcas,BR,1541285235,-15.89,-52.26,75.57,89,44,75.5001
380,Tongliao,CN,1541285379,43.61,122.27,35.39,63,92,23.0001
381,Kourou,GF,1541282400,5.16,-52.64,82.4,78,0,70.0
382,Paoua,CF,1541285421,7.24,16.43,73.41,73,24,166.0
383,Awbari,LY,1541285421,26.59,12.77,56.31,53,0,21.0001
384,Puerto del Rosario,ES,1541284200,28.5,-13.86,69.8,73,75,20.0
385,Guantanamo,BO,1541282400,-16.14,-62.05,86.0,66,75,30.0
386,Omsukchan,RU,1541285238,62.53,155.8,12.53,82,76,20.0001
387,Arroio Grande,BR,1541285421,-32.24,-53.09,62.03,100,8,119.5
388,Ilava,SK,1541284200,49.0,18.23,51.8,93,90,80.0
389,Qasigiannguit,GL,1541281800,68.82,-51.19,15.8,78,80,110.0
390,Haimen,CN,1541285422,31.87,121.18,62.84,98,0,87.5001
391,Leh,IN,1541285422,34.16,77.58,5.1,80,76,334.0
392,Norden,DE,1541283900,53.59,7.21,39.2,100,8,130.0
393,Moerai,PF,1541285422,-22.43,-151.33,75.66,97,32,35.5001
394,Irece,BR,1541285423,-11.3,-41.86,80.7,47,92,105.5
395,Saint-Pierre,FR,1541282400,48.95,4.24,37.4,93,20,20.0
396,Sao Filipe,CV,1541285254,14.9,-24.5,78.41,94,12,43.0001
397,Tuzha,CN,1541285423,28.58,109.69,47.04,75,0,23.5001
398,Vilyuysk,RU,1541285423,63.75,121.63,9.83,68,68,202.5
399,Adrar,DZ,1541282400,27.87,-0.29,64.4,36,0,10.0
400,Broome,GB,1541283600,52.47,1.45,46.76,81,12,170.0
401,Yelatma,RU,1541285423,54.97,41.75,42.36,99,92,240.5
402,Vangaindrano,MG,1541285423,-23.35,47.6,64.5,100,92,218.5
403,Assiniboia,CA,1541285424,49.63,-105.99,33.81,85,48,214.0
404,Eyl,SO,1541285424,7.98,49.82,75.57,100,68,30.0001
405,Kyaikkami,MM,1541285424,16.08,97.57,70.8,92,0,105.0
406,Sovetskiy,RU,1541285424,56.76,48.47,37.68,97,92,230.5
407,Atbasar,KZ,1541285425,51.81,68.36,28.64,91,80,209.0
408,Aykhal,RU,1541285203,65.95,111.51,6.72,74,48,184.5
409,Upata,VE,1541285425,8.02,-62.41,73.01,95,56,45.5001
410,Buraydah,SA,1541282400,26.33,43.97,60.8,100,75,110.0
411,Mayumba,GA,1541285425,-3.44,10.65,77.1,99,92,196.0
412,Kijang,KR,1541282400,35.24,129.21,42.8,81,0,10.0
413,Mezen,RU,1541285425,65.85,44.24,32.37,99,92,29.0001
414,Hualmay,PE,1541285243,-11.1,-77.61,66.75,73,36,176.0
415,Berlevag,NO,1541281800,70.86,29.09,42.8,81,75,300.0
416,Denpasar,ID,1541285425,-8.65,115.22,75.39,100,76,203.0
417,Longido,TZ,1541285426,-2.73,36.7,59.82,91,48,106.5
418,Sibolga,ID,1541285260,1.74,98.78,68.64,99,32,45.5001
419,Mabaruma,GY,1541285114,8.2,-59.78,77.51,97,76,28.0001
420,Haines Junction,CA,1541285426,60.75,-137.51,6.0,85,80,356.5
421,Abashiri,JP,1541285426,44.01,144.25,50.73,64,0,226.5
422,Pangody,RU,1541285426,65.85,74.49,0.78,63,24,269.5
423,Kisoro,UG,1541285426,-1.28,29.69,49.79,89,8,209.5
424,Kostyantynivka,UA,1541285427,48.53,37.71,29.99,76,8,108.0
425,Wardenburg,DE,1541283600,53.07,8.19,37.4,93,0,120.0
426,Laguna,MX,1541281320,27.52,-110.01,89.6,22,75,316.0
427,Ust-Ordynskiy,RU,1541284200,52.8,104.75,8.6,84,0,70.0
428,Hargeysa,SO,1541285427,9.56,44.06,51.27,81,8,9.50012
429,Aripuana,BR,1541285428,-9.17,-60.63,80.66,83,8,333.0
430,Preobrazheniye,RU,1541285428,42.9,133.91,43.08,74,0,303.0
431,Nantucket,US,1541283300,41.28,-70.1,55.94,59,1,250.0
432,Businga,CD,1541285428,3.34,20.89,71.66,96,68,102.5
433,Qandala,SO,1541285428,11.47,49.87,59.33,100,0,97.5001
434,Cam Ranh,VN,1541285429,11.92,109.15,77.73,97,48,7.50012
435,Borovoy,RU,1541285429,63.23,52.89,32.73,99,92,239.5
436,Stettler,CA,1541285192,52.32,-112.71,30.39,90,0,182.0
437,Marawi,PH,1541284919,8.0,124.29,74.13,100,36,358.5
438,Zhezkazgan,KZ,1541285429,47.8,67.71,26.61,100,68,290.0
439,Pundaguitan,PH,1541285429,6.37,126.17,81.78,100,56,291.5
440,Ibra,OM,1541285429,22.69,58.55,47.63,96,0,359.5
441,Bayir,TR,1541281800,37.27,28.22,53.6,87,0,100.0
442,Seoul,KR,1541284680,37.57,126.98,46.4,86,75,350.0
443,Honningsvag,NO,1541281800,70.98,25.97,42.8,81,75,300.0
444,Santiago,CL,1541282400,-33.44,-70.65,71.6,33,0,240.0
445,Vao,EE,1541285431,59.1,26.19,39.48,96,0,290.5
446,Niquero,CU,1541285431,20.04,-77.58,83.67,91,64,100.0
447,Salalah,OM,1541281800,17.01,54.1,75.2,60,0,10.0
448,Milos,GR,1541283600,36.75,24.43,64.4,68,0,40.0
449,Thaton,MM,1541285431,16.91,97.37,78.68,100,0,354.0
450,Maningrida,AU,1541285432,-12.05,134.23,85.65,74,8,100.0
451,Casablanca,MA,1541282400,33.6,-7.62,59.0,100,40,100.0
452,Cabanas,ES,1541284200,43.42,-8.16,53.6,93,40,160.0
453,Etaples,FR,1541284200,50.52,1.63,50.0,81,0,130.0
454,Thunder Bay,CA,1541282400,48.41,-89.26,37.4,64,75,290.0
455,Marzuq,YE,1541285433,14.4,46.47,44.66,89,0,187.5
456,Ormond Beach,US,1541285400,29.29,-81.06,68.0,63,1,20.0
457,Ipaussu,BR,1541285433,-23.06,-49.63,69.0,93,36,319.0
458,Waddan,LY,1541285112,29.16,16.14,57.3,62,0,121.5
459,Humberto de Campos,BR,1541285433,-2.6,-43.46,81.56,90,76,56.0001
460,Kungurtug,RU,1541285231,50.6,97.53,-0.35,61,64,270.0
461,Okhotsk,RU,1541285433,59.36,143.24,16.44,100,0,326.5
462,Mount Pleasant,US,1541283300,33.16,-94.97,71.6,47,1,160.0
463,Nabire,ID,1541285253,-3.36,135.5,75.84,86,44,333.0
464,Chingirlau,KZ,1541285434,51.09,54.08,33.27,54,64,233.0
465,Herat,AF,1541282100,34.35,62.22,33.8,64,0,49.5001
466,Kieta,PG,1541285435,-6.22,155.63,82.32,100,76,93.0001
467,Morondava,MG,1541284881,-20.3,44.28,72.83,85,0,205.0
468,Teguise,ES,1541284200,29.06,-13.56,69.8,60,75,20.0
469,Narsaq,GL,1541281800,60.91,-46.05,23.0,41,0,210.0
470,Oum Hadjer,TD,1541285435,13.3,19.7,66.39,55,0,2.00012
471,Opunake,NZ,1541285435,-39.45,173.86,57.26,90,80,268.0
472,Wasilla,US,1541282160,61.58,-149.44,32.0,84,1,200.0
473,Ous,RU,1541285436,60.91,61.52,31.29,95,92,193.0
474,Fort Dodge,US,1541284500,42.5,-94.17,44.6,93,90,130.0
475,Garoua Boulai,CM,1541285436,5.88,14.55,64.01,98,68,316.0
476,Palmer,AU,1541282400,-34.85,139.16,64.4,55,0,360.0
477,Vila Franca do Campo,PT,1541284200,37.72,-25.43,64.4,82,20,360.0
478,Sri Aman,MY,1541282400,1.24,111.46,75.2,100,68,166.0
479,Fethiye,TR,1541281800,36.62,29.12,53.6,87,0,40.0
480,Grande Prairie,CA,1541284620,55.17,-118.79,30.2,92,90,80.0
481,Sibu,MY,1541282400,2.29,111.83,75.2,100,90,177.5
482,Port Lincoln,AU,1541285437,-34.72,135.86,64.14,84,64,37.0001
483,Tiznit,MA,1541285269,29.7,-9.73,58.65,90,0,159.5
484,Soloneshnoye,RU,1541285437,51.65,84.32,25.13,65,88,242.0
485,Voznesenye,RU,1541285438,61.02,35.48,40.83,100,64,293.5
486,Mitchell,US,1541281980,43.71,-98.03,42.98,92,90,30.0
487,Christchurch,NZ,1541282400,-43.53,172.64,60.8,38,64,320.0
488,Ketchikan,US,1541284620,55.34,-131.65,50.0,100,90,340.0
489,Hatillo,PR,1541281800,18.49,-66.83,78.8,100,1,100.0
490,Soyo,AO,1541285162,-6.13,12.37,74.09,93,32,202.0
491,Te Anau,NZ,1541285242,-45.41,167.72,43.53,89,92,276.5
492,Orotukan,RU,1541285439,62.26,151.67,2.31,90,76,358.5
493,Kerouane,GN,1541285439,12.23,-12.34,68.33,76,0,96.5001
494,Halden,SE,1541283600,59.12,11.39,50.0,87,92,200.0
495,Great Falls,US,1541282340,47.5,-111.29,48.92,65,90,230.0
496,Domna,RU,1541284200,51.9,113.16,1.4,77,20,340.0
497,Udachnyy,RU,1541285065,66.42,112.4,7.71,79,56,183.5
498,Zaraza,VE,1541285440,9.35,-65.33,75.48,90,68,32.0001
499,Caruray,PH,1541285440,10.31,119.01,84.48,99,44,64.0001
500,Kalga,RU,1541285440,50.92,118.9,-1.83,55,12,196.5
501,Grindavik,IS,1541284200,63.84,-22.43,33.8,69,20,20.0
502,Marsh Harbour,BS,1541285441,26.54,-77.06,79.8,100,76,67.5001
503,Vanavara,RU,1541285441,60.35,102.28,22.65,79,80,236.5
504,Great Yarmouth,GB,1541283600,52.61,1.73,46.4,81,0,170.0
505,Kant,KG,1541285441,42.89,74.85,7.44,65,64,209.5
506,Storsteinnes,NO,1541281800,69.24,19.23,39.2,100,75,150.0
507,Matagami,NG,1541285301,9.67,8.4,66.44,90,0,191.5
508,Conselheiro Pena,BR,1541285441,-19.17,-41.47,73.46,72,0,69.5001
509,Luderitz,NA,1541278800,-26.65,15.16,59.0,82,48,360.0
510,Abu Dhabi,AE,1541282400,24.47,54.37,75.2,47,0,40.0
511,Sand Springs,US,1541283300,36.14,-96.11,68.72,52,90,170.0
512,Vuktyl,RU,1541285442,63.86,57.31,31.65,93,88,154.0
513,Virginia Beach,US,1541284500,36.85,-75.98,60.08,61,1,312.5
514,Mehran,IR,1541282400,33.12,46.17,55.4,43,40,130.0
515,Kargasok,RU,1541284704,59.06,80.87,16.31,73,68,272.5
516,Magadan,RU,1541284200,59.56,150.8,21.2,92,90,320.0
517,Cockburn Town,TC,1541284997,21.46,-71.14,81.78,100,76,93.0001
518,Lavrentiya,RU,1541284853,65.58,-170.99,36.29,100,56,126.0
519,Panaba,MX,1541285442,21.28,-88.27,78.72,86,92,100.5
520,Santa Maria,BR,1541282400,-29.69,-53.81,71.6,83,40,40.0
521,Cannes,FR,1541284200,43.55,7.01,64.4,82,0,10.0
522,Matamoros,US,1541281980,25.87,-97.51,82.94,60,75,140.0
523,San Patricio,PY,1541285257,-26.98,-56.83,70.8,98,92,71.0001
